1 1424
2 1409
3 1406
4 1412
5 1376
6 1451
7 1391
8 1462
9 1429
10 1433
11 1395
12 1426
13 1451
14 1345
15 1367
16 1435
17 1404
18 1430
19 1393
20 1371
21 1370
22 1448
23 1422
24 1423
25 1373
26 1489
27 1384
28 1412
29 1381
30 1426
31 1346
32 1295
33 1400
34 1442
35 1358
36 1437
37 1514
38 1420
39 1430
40 1478
41 1389
42 1433
43 1445
44 1396
45 1404
46 1467
47 1424
48 1451
49 1440
50 1449
51 1424
52 1468
53 1385
54 1383
55 1431
56 1460
57 1437
58 1432
59 1470
60 1429
61 1389
62 1456
63 1393
64 1468
65 1414
66 1400
67 1409
68 1470
69 1336
70 1395
71 1405
72 1469
73 1459
74 1384
75 1348
76 1374
77 1392
78 1405
79 1375
80 1446
81 1335
82 1462
83 1432
84 1420
85 1380
86 1398
87 1448
88 1481
89 1462
90 1464
91 1456
92 1398
93 1481
94 1402
95 1389
96 1461
97 1379
98 1423
99 1417
100 1460
101 1401
102 1390
103 1480
104 1472
105 1451
106 1431
107 1359
108 1394
109 1363
110 1429
111 1446
112 1463
113 1433
114 1381
115 1389
116 1428
117 1388
118 1391
119 1412
120 1412
121 1404
122 1459
123 1435
124 1445
125 1393
126 1375
127 1406
128 1438
129 1467
130 1485
131 1451
132 1470
133 1355
134 1472
135 1414
136 1424
137 1449
138 1453
139 1442
140 1398
141 1438
142 1484
143 1373
144 1433
145 1459
146 1417
147 1451
148 1429
149 1394
150 1426
151 1433
152 1388
153 1374
154 1512
155 1426
156 1398
157 1409
158 1463
159 1378
160 1437
161 1450
162 1407
163 1429
164 1466
165 1395
166 1407
167 1471
168 1445
169 1479
170 1413
171 1419
172 1441
173 1410
174 1444
175 1468
176 1424
177 1481
178 1360
179 1405
180 1417
181 1474
182 1434
183 1402
184 1430
185 1458
186 1484
187 1417
188 1466
189 1481
190 1424
191 1432
192 1417
193 1400
194 1445
195 1400
196 1410
197 1471
198 1465
199 1489
200 1396
201 1404
202 1392
203 1404
204 1406
205 1448
206 1426
207 1421
208 1339
209 1375
210 1411
211 1427
212 1414
213 1393
214 1411
215 1450
216 1414
217 1403
218 1411
219 1454
220 1457
221 1420
222 1469
223 1455
224 1441
225 1386
226 1464
227 1438
228 1407
229 1402
230 1426
231 1414
232 1442
233 1411
234 1465
235 1436
236 1400
237 1360
238 1473
239 1427
240 1399
241 1463
242 1373
243 1437
244 1387
245 1522
246 1421
247 1438
248 1335
249 1457
250 1346
251 1408
252 1384
253 1440
254 1392
255 1432
256 1430
257 1352
258 1470
259 1432
260 1381
261 1456
262 1428
263 1488
264 1373
265 1415
266 1419
267 1460
268 1536
269 1387
270 1421
271 1397
272 1442
273 1355
274 1437
275 1465
276 1359
277 1422
278 1365
279 1323
280 1371
281 1457
282 1365
283 1407
284 1453
285 1425
286 1421
287 1376
288 1357
289 1341
290 1439
291 1411
292 1403
293 1425
294 1402
295 1392
296 1415
297 1452
298 1469
299 1466
300 1423
301 1387
302 1459
303 1450
304 1437
305 1455
306 1445
307 1438
308 1393
309 1378
310 1438
311 1416
312 1477
313 1356
314 1425
315 1406
316 1373
317 1446
318 1402
319 1396
320 1456
321 1376
322 1431
323 1440
324 1342
325 1386
326 1488
327 1363
328 1394
329 1366
330 1436
331 1410
332 1415
333 1506
334 1468
335 1416
336 1397
337 1385
338 1448
339 1480
340 1462
341 1419
342 1445
343 1395
344 1455
345 1452
346 1491
347 1375
348 1413
349 1423
350 1372
351 1376
352 1458
353 1404
354 1432
355 1337
356 1454
357 1423
358 1478
359 1394
360 1433
361 1423
362 1436
363 1402
364 1412
365 1327
366 1401
367 1378
368 1374
369 1400
370 1379
371 1451
372 1445
373 1395
374 1367
375 1410
376 1429
377 1404
378 1446
379 1407
380 1395
381 1473
382 1406
383 1432
384 1419
385 1428
386 1302
387 1459
388 1359
389 1457
390 1419
391 1381
392 1459
393 1431
394 1468
395 1423
396 1361
397 1357
398 1394
399 1372
400 1411
401 1476
402 1351
403 1370
404 1460
405 1388
406 1416
407 1360
408 1406
409 1443
410 1451
411 1474
412 1403
413 1420
414 1465
415 1444
416 1405
417 1423
418 1398
419 1380
420 1387
421 1466
422 1497
423 1359
424 1408
425 1439
426 1421
427 1439
428 1396
429 1463
430 1470
431 1349
432 1440
433 1395
434 1363
435 1421
436 1377
437 1446
438 1373
439 1421
440 1405
441 1442
442 1448
443 1385
444 1404
445 1466
446 1388
447 1439
448 1429
449 1398
450 1443
451 1411
452 1426
453 1471
454 1379
455 1456
456 1465
457 1413
458 1382
459 1441
460 1400
461 1392
462 1445
463 1376
464 1431
465 1448
466 1367
467 1388
468 1388
469 1429
470 1409
471 1412
472 1459
473 1461
474 1507
475 1407
476 1416
477 1438
478 1450
479 1405
480 1450
481 1480
482 1447
483 1378
484 1408
485 1391
486 1383
487 1476
488 1379
489 1371
490 1422
491 1385
492 1425
493 1360
494 1406
495 1404
496 1400
497 1455
498 1478
499 1385
500 1438
501 1471
502 1383
503 1389
504 1387
505 1443
506 1464
507 1411
508 1497
509 1436
510 1389
511 1366
512 1359
513 1401
514 1416
515 1408
516 1473
517 1418
518 1420
519 1427
520 1437
521 1370
522 1421
523 1396
524 1366
525 1441
526 1440
527 1459
528 1386
529 1448
530 1364
531 1426
532 1417
533 1383
534 1383
535 1410
536 1419
537 1462
538 1428
539 1456
540 1390
541 1405
542 1395
543 1423
544 1422
545 1408
546 1388
547 1407
548 1396
549 1457
550 1402
551 1425
552 1430
553 1361
554 1416
555 1349
556 1379
557 1408
558 1376
559 1391
560 1415
561 1383
562 1376
563 1472
564 1412
565 1397
566 1441
567 1382
568 1480
569 1374
570 1417
571 1448
572 1430
573 1406
574 1370
575 1440
576 1435
577 1441
578 1421
579 1444
580 1413
581 1443
582 1366
583 1413
584 1426
585 1387
586 1389
587 1429
588 1393
590 1433
591 1480
592 1407
593 1398
594 1467
595 1440
596 1407
597 1447
598 1393
599 1426
600 1427
601 1450
602 1397
603 1460
604 1407
605 1420
606 1417
607 1407
608 1338
609 1419
610 1466
611 1431
612 1430
613 1429
614 1494
615 1429
616 1421
617 1451
618 1520
619 1414
620 1358
621 1399
622 1375
623 1426
624 1538
625 1386
626 1397
627 1358
628 1455
629 1374
630 1455
631 1493
632 1383
633 1392
634 1461
635 1442
636 1413
637 1470
638 1394
639 1448
640 1436
641 1392
642 1427
643 1446
644 1426
645 1396
646 1422
647 1447
648 1442
649 1402
650 1392
651 1455
652 1476
653 1479
654 1427
655 1463
656 1351
657 1425
658 1466
659 1401
660 1407
661 1464
662 1456
663 1437
664 1407
665 1480
666 1434
667 1460
668 1440
669 1437
670 1443
671 1460
672 1381
673 1418
674 1433
675 1386
676 1298
677 1427
678 1422
679 1370
680 1454
681 1430
682 1463
683 1444
684 1376
685 1386
686 1461
687 1452
688 1375
689 1413
690 1385
691 1492
692 1382
693 1421
694 1458
695 1422
696 1409
697 1379
698 1406
699 1484
700 1400
701 1428
702 1462
703 1410
704 1420
705 1397
706 1455
707 1431
708 1421
709 1373
710 1457
711 1437
712 1424
713 1401
714 1411
715 1387
716 1399
717 1382
718 1370
719 1431
720 1466
721 1420
722 1408
723 1417
724 1388
725 1469
726 1353
727 1455
728 1434
729 1401
730 1470
731 1396
732 1467
733 1437
734 1390
735 1466
736 1466
737 1469
738 1426
739 1470
740 1378
741 1433
742 1400
743 1347
744 1380
745 1406
746 1538
747 1425
748 1433
749 1412
750 1366
751 1459
752 1384
753 1414
754 1441
755 1412
756 1398
757 1416
758 1412
759 1424
760 1427
761 1303
762 1436
763 1413
764 1434
765 1458
766 1397
767 1479
768 1395
769 1401
770 1505
771 1438
772 1431
774 1419
775 1461
776 1390
777 1403
778 1421
779 1422
780 1429
782 1414
783 1448
784 1419
785 1419
786 1458
788 1411
789 1404
790 1393
791 1444
792 1453
793 1433
794 1399
795 1452
796 1489
797 1396
798 1407
799 1370
800 1389
801 1429
802 1368
803 1412
804 1462
805 1392
806 1426
807 1351
808 1417
809 1378
810 1472
811 1433
812 1461
813 1512
814 1410
815 1411
816 1472
817 1425
818 1356
819 1398
820 1372
821 1376
822 1431
823 1459
824 1374
825 1408
826 1423
827 1432
828 1444
829 1427
830 1402
831 1407
832 1444
833 1443
834 1342
835 1403
836 1435
837 1452
838 1478
839 1460
840 1412
841 1434
842 1381
843 1425
844 1492
845 1434
846 1461
847 1391
848 1493
849 1443
850 1379
851 1420
852 1444
853 1400
854 1431
855 1410
856 1486
857 1455
858 1461
859 1428
860 1381
861 1435
862 1398
863 1394
864 1468
865 1446
866 1434
867 1408
868 1400
869 1374
870 1480
871 1419
872 1436
873 1436
874 1429
875 1407
876 1398
877 1442
878 1454
879 1433
880 1355
881 1462
882 1416
883 1443
884 1379
885 1381
886 1407
887 1457
888 1480
889 1431
890 1392
891 1372
892 1398
893 1423
894 1398
895 1416
896 1405
897 1481
898 1405
899 1435
900 1410
901 1382
902 1416
903 1360
904 1381
905 1431
906 1408
907 1443
908 1427
909 1507
910 1433
911 1368
912 1432
913 1393
914 1427
915 1438
916 1381
917 1495
918 1427
919 1426
920 1395
921 1430
922 1448
923 1406
924 1383
925 1374
926 1462
927 1388
928 1468
929 1426
930 1402
931 1365
932 1424
933 1441
934 1433
935 1453
936 1406
937 1465
938 1482
939 1370
940 1444
941 1419
942 1426
943 1446
944 1382
945 1406
946 1448
947 1364
948 1420
949 1404
950 1416
951 1428
952 1454
953 1413
954 1382
955 1363
956 1440
957 1409
958 1424
959 1478
960 1412
961 1357
962 1407
963 1396
964 1422
965 1425
966 1344
967 1413
968 1454
969 1430
970 1456
971 1354
972 1454
973 1428
974 1409
975 1435
976 1391
977 1441
978 1458
979 1439
980 1388
981 1465
982 1335
983 1451
984 1389
985 1430
986 1440
987 1427
988 1321
989 1412
990 1448
991 1361
992 1489
993 1370
994 1363
995 1415
996 1446
997 1425
998 1369
999 1349
